           Matrix X |  Min |  Sum
     ----------------------------
        1    3    5 |    1 |    9
        7    9    0 |    0 |   16
        2    4    6 |    2 |   12
        8    0    1 |    0 |    9
        2    3    4 |    2 |    9
     ----------------------------
Min:    1    0    0 
Sum:   20   19   16 

                               Matrix Y |  Min |  Sum
     ------------------------------------------------
       -2   -5   -8    1    7    2    8 |   -8 |    3
       -3   -6   -9    3    9    4    0 |   -9 |   -2
       -4   -7    0    5    0    6    1 |   -7 |    1
     ------------------------------------------------
Min:   -4   -7   -9    1    0    2    0 
Sum:   -9  -18  -17    9   16   12    9 

                               Matrix Z |  Min |  Sum
     ------------------------------------------------
      -31  -58  -35   35   34   44   13 |  -58 |    2
      -41  -89 -137   34  130   50   56 | -137 |    3
      -40  -76  -52   44   50   56   22 |  -76 |    4
      -20  -47  -64   13   56   22   65 |  -64 |   25
      -29  -56  -43   31   41   40   20 |  -56 |    4
     ------------------------------------------------
Min:  -41  -89 -137   13   34   22   13 
Sum: -161 -326 -331  157  311  212  176 

Sum of X[_][2] and Y[2][_] = 17
